01011010000000000000000000000000
01011011000000000000000001100100
01011100000000000000000011001000
01010111000000000000000000001010
01011000000000000000000000001010
01011001000000000000000000001010
0001000000000000
0001000100000000
01100010000000000000000000000011
01011110000000000000000000011001
1000001000101110
0111001000100000
01100011000000000000000000000011
01011110000000000000000000011001
1000001100111110
0111001100110000
1011110100100111
1011111000111001
1010110111011110
01101110000000000000000000000000
11001101111000000000000000010111
0001110100000000
0001010000000000
1000111100101000
0111111111110100
0111111111111010
0011010100000000
1000111100101001
0111111111110011
0111111111111011
0011011000000000
1001110101010110
0010010000000000
11010100100100000000000000010111
1000111110100010
0111111111110011
0111111111111100
0100110100000000
0010000100000000
01011101000000000000000000011001
11000001110100000000000000001000
0010000000000000
01011101000000000000000000011001
11000000110100000000000000000111
