00010100000000000000000000000010
00010101000000000000000000000011
00010110000000000000000000000010
00010111000000000000000000000000
00011000000000000000000000000110
00011001000000000000000000001100
01000000000000000000000000000000
11100000000000000000000000000000
00100001000000010000000000000000
01100001000100000000000000000000
01000011000000000000000000000000
11100000000000000000000000000000
10010001010000100000000000000000
10100000000000000000000000100001
01001010000000000000000000000000
01000010000000000000000000000000
01111111010100010000000000000000
01101111111100100000000000000000
01101111111101110000000000000000
00001011111100000000000000000000
01111111011000100000000000000000
01101111111100110000000000000000
01101111111110000000000000000000
00001100111100000000000000000000
10001010101111000000000000000000
01111111011000010000000000000000
01101111111100110000000000000000
01101111111110010000000000000000
00111010111100000000000000000000
01010010000000000000000000000000
10010010010100100000000000000000
11000000000000000000000000010000
11010000000000000000000000000000
11010000000000000000000000000000
01010011000000000000000000000000
10010011011000100000000000000000
11000000000000000000000000001011
11010000000000000000000000000000
00011101000000000000000000000100
01100000000011010000000000000000
10010000010000100000000000000000
11000000000000000000000000000111
11010000000000000000000000000000
